$ANSIBLE_VAULT;1.1;AES256
33666134373064343436653263393535663764373137383532323466613439333066373839346138
6566366365653130663531396631326664313836346232650a336435373130373634343031333036
61376464376533623835393336343264353735313033383138303961663164633863366338353266
3238356437623162310a623430393066383334653231393465366562326338336635303035343964
37366130666234336137666233383861663833653531363032633137353461616339333938373731
62656136313865346361373430373831363930346665303732373637303066366330336333366135
34303738643465343061323565346538366161626533666634356433373135636461666466663631
61363437633230343136353063643432663732653432303339336231353635313265336263356438
39353066383637376536383966336262386262313566636664613364393466613934356239646535
37356233633833346363313633393434623166313666306133323733386462643164396435343265
32386538306433346330386161633539656532666136613962323464303765636235623937386330
32623562356633323539333431633466353339336462393563393432303833363339346330363138
62653363316436653931633532336364626563343335333633323636633434356238666564313365
34386438316434353132653436666635616466303439353134363834616264613439616530386233
61633333616435316537336537333065613332653063646238363263356532393336303539613961
32316564353665383937323532303465643134376531326636393466393165633063323466343033
32383933356138653862393931306339656439343032336361653361383762626339656261383031
66363837636639626561393634363931643934323839653462326338306236623538613232646631
39613963663437396534643461643031343733393462646230656663366334393937663638643262
36633933653765343339356565386362653866633838373162396138336532616166633136643566
31316566313236343861663364393465366433336530363831393137316232383536316635316133
38303732346663333037623435303639393637303938653032313361353333366537326165613232
38386632653661346438303331653164356539333933306365343931646333303733306264613530
34363930353837383634663761393938306664653462663333303063396162333832393437303237
39373631653161336134623465373861383864623937626239363131656139336635346632333437
64653930326530626366393637313765643131663664633261383734386664626238323664396665
65383738363462303061386335356236646436643565353032663266663233373431626462346337
65316234653131353931623366323265623935306232646236633334303836303262366239396334
31613236626662356332326232623037613632656135386233636235313530313538363565663731
63376132626361303639636336336138386530623463643633333962656166623164303331313165
30373730326331663036313636386634653866633239343862613835653364303165366665633162
61666438323238393332343731646164653235356331653832656239643533643037663738353136
37663230393836393238326531663631616262663264383537646431346463353231353236343439
61663935333265343737663939646132636433626337393533386566323164346439633537663064
65396533613766326534326166393232396135356230383565373736616133336337666436383737
30313731393830616565323233646139383134656430653237343530356466623835643163626439
30303462643839376266623638643137623433376238643466646336303539366562616231363737
62336363346136653165306434326534613932376333326165393665353730623132393232613730
66613232633261363631376137386438343631373635643461336461643733636336633032326162
37373039643533373137353739393638306537343966323738653131396263656662383562353836
31343436363461636363616533313135666134653737303438336264373862636237303963613439
35393435303263656238316339346639383562376339353162623636323530353333646234363339
39323266306537626462613162373264333863386332393739316665393931613662636362353039
63646334376237353230626166373539393431643261383330353736373035336464626636656136
6636
