$ANSIBLE_VAULT;1.1;AES256
63366165343233346434303230653239336333333264356230636336653964386465613439386530
3535333662663031633139356238656334613766656638610a636136316137313066356463373236
38613166366262376332633539393563346535363433346463663239656533643337613662646562
6139353064633262650a346330353231616533363430653634616530646662613632386566626239
61316363613364653837636263363661383331363365313761613764316637376334386638313238
62336437386363656432616266363062663233383432376439366636373832663433623761303433
65633036643036323764656639633238316361386131346134383239643934643738366130316639
35386662626532363764313165393234303066316539623762643635323237333831323461613536
35346639393762636336356432373763306363326532616337626436353533633166373064363866
62303832336131326363356366666136383736636161316265646433653032343436306130663536
30643663323730643238363464333139643836626263313634656132336432653232323430313566
39643630353034373231333539343764396562356666633765666437303661616361616333623537
33613830383434386538623234653437346333646232396265656536366630616633336166366461
36356431343131613131633261303264653563363764356532393232316438666337393938633563
32643563633630333564626365646338616563656663373634333936393535633166313134303234
37366532663562623738336566623166386537353034656663313335356539396232333733373239
39303662303333383039326534396432653235663033653962656133356633316130383765643263
39303830353536653830343630383765303633393033343064633163326461653831656337663761
37663930386563336530356236356161386133343737393830336564363035356337346536613539
61393364363864313039623536646431613634313462613061646663333436386163386635666437
36316134393939613234303330653231393664623039373539663838343833373938376537366533
32353135646139323961303339356566313566333130326532303530373038643037306561303966
32393631366635623864343932313830323364633265303339313338383464313236376561366663
61633466646532303437626536393130653531373735333031313438393966643537383365646366
30396233363764653964393664343635663131306466623131343038396261616365373234623262
63656538343133656165383334653862383730393131616436373463343337396362656264363431
64663464306235366666363065626231383938656237313163306564343530616565303333333636
32333233653662656130333562376332616131323134666632353437323238383163346336353939
32316536393461323633373066393434343134383934663466393337373831303732363162363165
61376166663732356432343934623762363762613465353833313336663464626561343664623831
31613863313537663565663238323733376664343263613862343566363734663931633961636165
37343162323036633266396466336462633832663336333261653432643231343065313135666333
36666665333266383064616637633131613565316331303236326139646132656531303232356237
35366333613265656232386236653162636239366133326531326165373461396164643330643837
62313139336638396262363531313230653938623833376137393865643035353965336430383236
66616466306539393562306466326530353165386139383534303462663433626230353435663562
32626433356164623661366230366238626334663230643233643563343431333635643034646633
32353731333632333434373033666133313763313036313430613362623532343131656566613737
65666666653365343433323035623236303762366562643463333035346531653532376330353362
37346566393732306634623239346436343535323231633364373465656266383963346661393938
6436
